=== 全量编号占用（已排除总规划文件；已跳过 node_modules/out/dist/.git/artifacts）===
ADR  max=7    共占用  8 个 ｜ 号: 0,1,2,3,4,5,6,7
     max 出现在: .workbuddy\memory\2026-09-18.md
DEC  max=29   共占用 29 个 ｜ 号: 1,2,3,4,5,6,7,8,9,10,11,12,13,14,15,16,17,18,19,20,21,22,23,24,25,26,27,28,29
     max 出现在: .workbuddy\memory\2026-09-23.md ; P3-8交付报告.md ; P3-8文件提取轻量设计确认.md ; PRD.md
EL   max=901  共占用 102 个 ｜ 号: 1,2,3,4,10,11,12,13,14,15,16,17,20,21,22,30,31,32,33,34,35,36,37,40,41,42,43,44,45,46,47,48,49,50,51,52,53,54,55,56,57,58,59,60,61,70,71,72,80,81,82,83,84,90,91,92,93,100,101,102,103,104,105,106,107,108,109,110,111,112,113,114,115,116,117,118,119,120,121,122,123,124,125,126,127,130,131,132,133,134,135,136,137,138,139,140,141,142,149,150,900,901
     max 出现在: .workbuddy\memory\2026-09-18.md ; .workbuddy\memory\2026-09-23.md ; P3-2提取文件名轻量设计确认.md ; P3-3按文件属性命名轻量设计确认.md
     ⚠ 跳档 150 → 900（EL-900 出现在 .workbuddy\memory\2026-09-18.md ; .workbuddy\memory\2026-09-23.md ; .workbuddy\memory\MEMORY.md）
EX   max=22   共占用 22 个 ｜ 号: 1,2,3,4,5,6,7,8,9,10,11,12,13,14,15,16,17,18,19,20,21,22
     max 出现在: .workbuddy\memory\2026-09-23.md ; P3-8交付报告.md ; P3-8文件提取轻量设计确认.md ; PRD.md
F    max=16   共占用 16 个 ｜ 号: 1,2,3,4,5,6,7,8,9,10,11,12,13,14,15,16
     max 出现在: .workbuddy\memory\2026-09-11.md ; .workbuddy\memory\MEMORY.md ; P1轻量设计确认.md ; PRD.md
IX   max=129  共占用 73 个 ｜ 号: 20,21,22,23,24,25,30,31,32,33,40,41,42,43,44,45,46,47,48,49,50,51,52,53,54,60,61,62,63,70,71,72,73,90,91,92,93,94,95,96,97,98,99,100,101,102,103,104,105,106,107,108,109,110,111,112,113,114,115,116,117,118,119,120,121,122,123,124,125,126,127,128,129
     max 出现在: P3-8交付报告.md ; P3-8文件提取轻量设计确认.md ; PRD.md
R    max=7    共占用  7 个 ｜ 号: 1,2,3,4,5,6,7
     max 出现在: PRD.md ; maodie-renamer\src\renderer\src\App.vue ; maodie-renamer\src\renderer\src\components\StatusBar.vue ; 交互说明文档.md
SCR  max=15   共占用 15 个 ｜ 号: 1,2,3,4,5,6,7,8,9,10,11,12,13,14,15
     max 出现在: P3-8交付报告.md ; P3-8文件提取轻量设计确认.md ; PRD.md ; maodie-renamer\src\renderer\src\components\ExtractDialog.vue
ST   max=5    共占用  5 个 ｜ 号: 1,2,3,4,5
     max 出现在: PRD.md ; maodie-renamer\resources\cats\manifest.json ; maodie-renamer\src\renderer\src\assets\cats.ts ; maodie-renamer\src\renderer\src\components\CatStage.vue
TC   max=95   共占用 95 个 ｜ 号: 1,2,3,4,5,6,7,8,9,10,11,12,13,14,15,16,17,18,19,20,21,22,23,24,25,26,27,28,29,30,31,32,33,34,35,36,37,38,39,40,41,42,43,44,45,46,47,48,49,50,51,52,53,54,55,56,57,58,59,60,61,62,63,64,65,66,67,68,69,70,71,72,73,74,75,76,77,78,79,80,81,82,83,84,85,86,87,88,89,90,91,92,93,94,95
     max 出现在: .workbuddy\memory\2026-09-23.md ; P3-8交付报告.md ; P3-8文件提取轻量设计确认.md ; maodie-renamer\src\main\services\extract-service.ts
